Alanine_1.460	Alanine_3.760	Ethanol_1.170	Glucose_3.517	Glucose_3.533	Glycine_3.549	Histidine_7.085	Isoleucine_0.990	Isoleucine_0.927	Isoleucine_3.660	Lactate_1.320	Lactate_4.100	Leucine_0.956	Leucine_0.944	Phenylalanine_7.320	Tyrosine_7.180	Tyrosine_6.880	Valine_1.030	Valine_0.976	Valine_3.598	TSP_0.000
0.0093652954366441454	0.0090265934564521255	0.0098526781122243827	-0.0074853433101311059	-0.0083546080341140271	-0.0043779235309099112	-0.0090738154072201958	0.0030170153416161725	-0.0099824473043332463	0.0051728228405248898	-0.0015010838611237923	0.0054020417833671938	0.0062279399529071976	0.002588926477694287	-0.0093828402790725775	-0.00012830990376325527	-0.008760081681876631	-0.0074483652016899392	-0.0049771622892144452	0.0080929821827442436	0.00048910160969304305
0.0093652954366441454	0.0089330203474162102	0.0099145789129362859	-0.0074853433101311059	-0.0083546080341140271	-0.0043779235309099112	-0.0090790668077175372	0.0030170153416161725	-0.0099824473043332463	0.0051728228405248898	-0.0015504625995144978	0.0054020417833671938	0.0062279399529071976	0.002588926477694287	0.0026982941595434309	-1.7919276924490204e-05	-0.0082750382049834002	-0.0074483652016899392	-0.0049771622892144452	0.0080929821827442436	0.00048910160969304305
0.0093652954366441454	0.0089450153840763061	0.0099147884551522916	-0.0074853433101311059	-0.0083546080341140271	-0.0043779235309099112	-0.0090790668077175372	0.0030170153416161725	-0.0099824473043332463	0.0051728228405248898	-0.0015504625995144978	0.0053616484438351319	0.0062279399529071976	0.002588926477694287	0.0035122764588501106	-4.8048402297560036e-05	-0.0082151958711864075	-0.0074483652016899392	-0.0049771622892144452	0.0080929821827442436	0.00048910160969304305
0.0093652954366441454	0.0089450153840763061	0.0099147884551522916	-0.0074853433101311059	-0.0083546080341140271	-0.0043779235309099112	-0.0090790668077175372	0.0030170153416161725	-0.0099824473043332463	0.0051728228405248898	-0.0015504625995144978	0.0053616484438351319	0.0062279399529071976	0.002588926477694287	0.0028441460786584518	-0.00030523247629175854	-0.0082703362718315136	-0.0074483652016899392	-0.0049771622892144452	0.0080929821827442436	0.00048910160969304305
0.0093652954366441454	0.0089097548672242011	0.0099147884551522916	-0.0074853433101311059	-0.0083546080341140271	-0.0043779235309099112	-0.0090790668077175372	0.0030170153416161725	-0.0099824473043332463	0.0051712047744088482	-0.0015504625995144978	0.0053616484438351319	0.0062279399529071976	0.002588926477694287	0.002925424376156097	-0.00039131652668570466	-0.0079648635878034751	-0.0074483652016899392	-0.0049771622892144452	0.0080929821827442436	0.00048910160969304305
0.0093652954366441454	0.0089097548672242011	0.0099147884551522916	-0.0074853433101311059	-0.0083546080341140271	-0.0043779235309099112	-0.0090790668077175372	0.0030170153416161725	-0.0099824473043332463	0.0051712047744088482	-0.0015504625995144978	0.0053616484438351319	0.0062279399529071976	0.002588926477694287	0.0031381431842685183	0.00035500363049293174	-0.0078504070622051145	-0.0074483652016899392	-0.004976957645019371	0.0080929821827442436	0.00048910160969304305
0.0093652954366441454	0.0089040566226361306	0.0099147884551522916	-0.0074853433101311059	-0.0083546080341140271	-0.0043779235309099112	-0.0090790668077175372	0.0030170153416161725	-0.0099824473043332463	0.0051712047744088482	-0.0015504625995144978	0.0053772861579601157	0.0062279399529071976	0.002588926477694287	0.0036506275569635795	0.00040865400659252996	-0.0080329883884024331	-0.0074483652016899392	-0.004976957645019371	0.0080929821827442436	0.00048910160969304305
0.0093652954366441454	0.0089040566226361306	0.0099147884551522916	-0.0074853433101311059	-0.0083546080341140271	-0.0043779235309099112	-0.0090790668077175372	0.0030170153416161725	-0.0099824473043332463	0.0051712047744088482	-0.0015504625995144978	0.0053772861579601157	0.0062279399529071976	0.002588926477694287	0.0037282965846505249	0.00040865400659252996	-0.0081031288199623977	-0.0074483652016899392	-0.004976957645019371	0.0080929821827442436	0.00048910160969304305
0.0093652954366441454	0.0088416535270003718	0.0099147884551522916	-0.0074824998314958532	-0.0083546080341140271	-0.0043779235309099112	-0.0090790668077175372	0.0030170153416161725	-0.0099768311837238298	0.0051653228145346394	-0.0015504625995144978	0.0053582764150413367	0.0062362112797941949	0.002588926477694287	0.0023611905921492888	0.00059757384637958155	-0.0082161240419713968	-0.0074492166783339453	-0.004976957645019371	0.0080839976217187328	0.00048910160969304305
0.0093627053986490103	0.0088416535270003718	0.0099147884551522916	-0.0074824998314958532	-0.0083546080341140271	-0.0043779235309099112	-0.0090790668077175372	0.0030170153416161725	-0.0099768311837238298	0.0051653228145346394	-0.0015504625995144978	0.0053582764150413367	0.0062362112797941949	0.002588926477694287	0.0023907395014132558	0.00055745439354064168	-0.0081658578394526067	-0.0074492166783339453	-0.004976957645019371	0.0080839976217187328	0.00048910160969304305
0.0093627053986490103	0.0088416535270003718	0.0099147884551522916	-0.0074824998314958532	-0.0083546080341140271	-0.0043779235309099112	-0.009060410479137259	0.0030170153416161725	-0.0099768311837238298	0.0051653228145346394	-0.0015504625995144978	0.0053582764150413367	0.0062362112797941949	0.002588926477694287	0.0031199578329463799	0.00052297301184492211	-0.007971455224570604	-0.0074492166783339453	-0.004976957645019371	0.0080839976217187328	0.00048910160969304305
0.0093627053986490103	0.0088416535270003718	0.0099147884551522916	-0.0074835195050030785	-0.0083546080341140271	-0.0043779235309099112	-0.009060410479137259	0.0030170153416161725	-0.0099768311837238298	0.0051727774971918588	-0.0015504625995144978	0.0053582764150413367	0.0062362112797941949	0.002588926477694287	0.0031199578329463799	0.00052797276243549823	-0.008210385059065857	-0.0074492166783339453	-0.004976957645019371	0.0080839976217187328	0.00048910160969304305
0.0093627053986490103	0.0088416535270003718	0.0099276757640137554	-0.0074835195050030785	-0.0083546080341140271	-0.0043779235309099112	-0.009060410479137259	0.0030170153416161725	-0.0099768311837238298	0.0051727774971918588	-0.0015504625995144978	0.0053750808526608958	0.0062362112797941949	0.002588926477694287	0.0030518655686326748	0.00072109713299311345	-0.008210385059065857	-0.0074492166783339453	-0.004976957645019371	0.0080839976217187328	0.00048910160969304305
0.0093627053986490103	0.008782347746402689	0.0099276757640137554	-0.0074835195050030785	-0.0083546080341140271	-0.0043779235309099112	-0.009060410479137259	0.0030170153416161725	-0.0099768311837238298	0.0051727774971918588	-0.0015504625995144978	0.0052703695059354242	0.0062362112797941949	0.002588926477694287	0.003113448587084516	0.0008124961746963158	-0.0079550024115328678	-0.0074492166783339453	-0.004976957645019371	0.0080839976217187328	0.00048910160969304305
0.0093627053986490103	0.008782347746402689	0.0099276757640137554	-0.0074835195050030785	-0.0083546080341140271	-0.0043779235309099112	-0.0090650247724291828	0.0030170153416161725	-0.0099768311837238298	0.0051727774971918588	-0.0015504625995144978	0.0052853029349279497	0.0062362112797941949	0.002588926477694287	0.003029176832565636	0.00048860905497440099	-0.0081454045676804653	-0.0074492166783339453	-0.004976957645019371	0.0080839976217187328	0.00048910160969304305
0.0093627053986490103	0.008782347746402689	0.0099276757640137554	-0.0074835195050030785	-0.0083546080341140271	-0.0043779235309099112	-0.0090454965996813377	0.0030170153416161725	-0.0099768311837238298	0.0051759672308816732	-0.0015504625995144978	0.0052853029349279497	0.0062362112797941949	0.002588926477694287	0.0029775543286649601	0.00069190699117199599	-0.0081005808546833133	-0.0074492166783339453	-0.004976957645019371	0.0080839976217187328	0.00048910160969304305
0.0093627053986490103	0.0087309398958736115	0.0099276757640137554	-0.0074835195050030785	-0.0083546080341140271	-0.0043779235309099112	-0.0090454965996813377	0.0030170153416161725	-0.0099768311837238298	0.0051733790999750617	-0.0015504625995144978	0.0052853029349279497	0.0062362112797941949	0.0025857515496911926	0.0029295013794879352	0.00077056078166533488	-0.0075855411018688566	-0.0074492166783339453	-0.004976957645019371	0.0080839976217187328	0.00048910160969304305
0.0093627053986490103	0.0087309398958736115	0.0099276757640137554	-0.0074835195050030785	-0.0083546080341140271	-0.0043779235309099112	-0.0090454965996813377	0.0030170153416161725	-0.0099768311837238298	0.0051733790999750617	-0.0015504625995144978	0.0053110657043747046	0.0062362112797941949	0.0025857515496911926	0.0025933397067901352	0.00089327465808285156	-0.008162651968664841	-0.0074492166783339453	-0.004976957645019371	0.0080839976217187328	0.00048910160969304305
0.0093627053986490103	0.0087309398958736115	0.0099276757640137554	-0.0074835195050030785	-0.0083546080341140271	-0.0043779235309099112	-0.0090233693598929313	0.0030170153416161725	-0.0099768311837238298	0.0051733790999750617	-0.0015504625995144978	0.0053110657043747046	0.0062362112797941949	0.0025857515496911926	0.0025853880447217342	0.00096267038967201568	-0.008092618741035321	-0.0074492166783339453	-0.004976957645019371	0.0080907881006118797	0.00048910160969304305
0.0093627053986490103	0.0087309398958736115	0.0099276757640137554	-0.0074835195050030785	-0.0083546080341140271	-0.0043779235309099112	-0.0090233693598929313	0.0030170153416161725	-0.0099768311837238298	0.0051733790999750617	-0.0015504625995144978	0.0053110657043747046	0.0062362112797941949	0.0025857515496911926	0.0025853880447217342	0.0010428491711131065	-0.0081587157406691046	-0.0074492166783339453	-0.004976957645019371	0.0080931624300950907	0.00048910160969304305
0.0093627053986490103	0.0087309398958736115	0.0099276757640137554	-0.0074835195050030785	-0.0083546080341140271	-0.0043779235309099112	-0.0090233693598929313	0.0030170153416161725	-0.0099768311837238298	0.0051733790999750617	-0.0015504625995144978	0.0053110657043747046	0.0062362112797941949	0.0025857515496911926	0.0024391561366280227	0.00093441487150248102	-0.0080739660562120941	-0.0074492166783339453	-0.004976957645019371	0.0080931624300950907	0.00048910160969304305
0.0093627053986490103	0.0087309398958736115	0.0099276757640137554	-0.0074835195050030785	-0.0083546080341140271	-0.0043779235309099112	-0.0090049628839410593	0.0030170153416161725	-0.0099768311837238298	0.0051733790999750617	-0.0015504625995144978	0.0053110657043747046	0.0062362112797941949	0.0025857515496911926	0.0026627737467823792	0.00065871314766248641	-0.0080739660562120941	-0.0074492166783339453	-0.004976957645019371	0.0080931624300950907	0.00048910160969304305
0.0093509151379649377	0.0087309398958736115	0.0099276757640137554	-0.0074835195050030785	-0.0083546080341140271	-0.0043779235309099112	-0.0090049628839410593	0.0030170153416161725	-0.0099768311837238298	0.0051733790999750617	-0.0015504625995144978	0.0054043478749741646	0.0062362112797941949	0.0025857515496911926	0.0026565969025928032	0.00043730356971630018	-0.0079617760610388548	-0.0074492166783339453	-0.004976957645019371	0.0080931624300950907	0.00048910160969304305
0.0093509151379649377	0.0087309398958736115	0.0099232755062344004	-0.0074835195050030785	-0.0083546080341140271	-0.0043779235309099112	-0.0089671392948830475	0.0030170153416161725	-0.0099768311837238298	0.0051733790999750617	-0.0015504625995144978	0.0054043478749741646	0.0062362112797941949	0.0025857515496911926	0.0027122089268338759	0.00037063675460443854	-0.008018030871014022	-0.0074498053905337437	-0.004976957645019371	0.0080931624300950907	0.00048910160969304305
0.0093509151379649377	0.0086334803438647238	0.0099232755062344004	-0.0074835195050030785	-0.0083546080341140271	-0.0043779235309099112	-0.0089671392948830475	0.0030170153416161725	-0.0099768311837238298	0.0051733790999750617	-0.0015504625995144978	0.0054043478749741646	0.0062362112797941949	0.0025857515496911926	0.0026314762281999613	0.00046509204117557365	-0.0080307492496214158	-0.0074498053905337437	-0.004976957645019371	0.0080924791093912544	0.00048910160969304305
0.0093509151379649377	0.0086334803438647238	0.0099232755062344004	-0.0074835195050030785	-0.0083546080341140271	-0.0043779235309099112	-0.0089671392948830475	0.0030170153416161725	-0.0099768311837238298	0.0051733790999750617	-0.0015504625995144978	0.0053628779835766908	0.0062362112797941949	0.0025857515496911926	0.0026314762281999613	0.00067269670725801992	-0.0080942975703281444	-0.0074498053905337437	-0.004976957645019371	0.0080924791093912544	0.00048910160969304305
0.0093509151379649377	0.0086008366785263468	0.0099232755062344004	-0.0074835195050030785	-0.0083546080341140271	-0.0043779235309099112	-0.0089671392948830475	0.0030170153416161725	-0.0099768311837238298	0.0051733790999750617	-0.0015358152581804469	0.0053628779835766908	0.0062362112797941949	0.0025857515496911926	0.0027639774174997318	0.0011752245135596036	-0.0081289719495181243	-0.0074498053905337437	-0.004976957645019371	0.0080924791093912544	0.00048910160969304305
0.0093509151379649377	0.0085588219025943303	0.0099232755062344004	-0.0074835195050030785	-0.0083546080341140271	-0.0043779235309099112	-0.0089671392948830475	0.0030170153416161725	-0.0099768311837238298	0.0051674833871780471	-0.0015358152581804469	0.0053628779835766908	0.0062362112797941949	0.0025857515496911926	0.0028704126219509934	0.0014122961970351438	-0.0081289719495181243	-0.0074498053905337437	-0.004976957645019371	0.0080924791093912544	0.00048910160969304305
0.0093509151379649377	0.0085588219025943303	0.0099232755062344004	-0.0074835195050030785	-0.0083546080341140271	-0.0043779235309099112	-0.0089671392948830475	0.0030170153416161725	-0.0099768311837238298	0.0051674833871780471	-0.0015358152581804469	0.0053628779835766908	0.0062362112797941949	0.0025857515496911926	0.0029868465639326259	0.0014072597310062114	-0.0080310364639012699	-0.0074498053905337437	-0.004976957645019371	0.0080924791093912544	0.00048910160969304305
0.0093509151379649377	0.0085588219025943303	0.0099059134034908958	-0.0074835195050030785	-0.0083546080341140271	-0.0043779235309099112	-0.0089671392948830475	0.0030170153416161725	-0.0099768311837238298	0.0051674833871780471	-0.0015358152581804469	0.0055050490629838314	0.0062362112797941949	0.0025857515496911926	0.0026919354961796003	0.0017906898823044325	-0.0083437124962208922	-0.0074498053905337437	-0.004976957645019371	0.0080924791093912544	0.00048910160969304305
0.0093509151379649377	0.0084611040722573465	0.0099059134034908958	-0.0074835195050030785	-0.0083546080341140271	-0.0043779235309099112	-0.0089671392948830475	0.0030170153416161725	-0.0099768311837238298	0.0051674833871780471	-0.0015358152581804469	0.005569294650517885	0.0062362112797941949	0.0025857515496911926	0.0027057310582147484	0.0019590029510178786	-0.0080875693227729605	-0.0074498053905337437	-0.004976957645019371	0.0080924791093912544	0.00048910160969304305
0.0093509151379649377	0.0084611040722573465	0.0099059134034908958	-0.0074835195050030785	-0.0083546080341140271	-0.0043779235309099112	-0.0089671392948830475	0.0030170153416161725	-0.0099768311837238298	0.0051674833871780471	-0.0015358152581804469	0.0055821158390195209	0.0062362112797941949	0.0025857515496911926	0.0027057310582147484	0.0021239615589765878	-0.0080918353069181579	-0.0074498053905337437	-0.004976957645019371	0.0080924791093912544	0.00048910160969304305
0.0093509151379649377	0.0085397903464272985	0.0099059134034908958	-0.0074835195050030785	-0.0083546080341140271	-0.0043779235309099112	-0.008963550844891319	0.0030170153416161725	-0.0099768311837238298	0.0051674833871780471	-0.0015360990733428899	0.0055821158390195209	0.0062362112797941949	0.0025857515496911926	0.0026288052765833739	0.0021239615589765878	-0.0080247233536255673	-0.0074498053905337437	-0.004976957645019371	0.0080924791093912544	0.00048910160969304305
0.0093509151379649377	0.0085397903464272985	0.0099059134034908958	-0.0074835195050030785	-0.0083546080341140271	-0.0043779235309099112	-0.008963550844891319	0.0030170153416161725	-0.0099768311837238298	0.0051686676771451889	-0.0015312573921105258	0.0055821158390195209	0.0062346073911208177	0.0025857515496911926	0.0026288052765833739	0.002383576224819382	-0.0080247233536255673	-0.0074498053905337437	-0.004976957645019371	0.0080924791093912544	0.00048910160969304305
0.0093567719914998179	0.0085397903464272985	0.0099059134034908958	-0.0074835195050030785	-0.0083546080341140271	-0.0043779235309099112	-0.008963550844891319	0.0030170153416161725	-0.0099768311837238298	0.0051686676771451889	-0.0015312573921105258	0.0055343636326423071	0.0062346073911208177	0.0025857515496911926	0.0027967209507431482	0.0024423418837489167	-0.0080247233536255673	-0.0074498053905337437	-0.004976957645019371	0.0080924791093912544	0.00048910160969304305
0.0093646517437519037	0.0085146741193943588	0.0099059134034908958	-0.0074835195050030785	-0.0083546080341140271	-0.0043779235309099112	-0.008963550844891319	0.0030170153416161725	-0.0099768311837238298	0.0051687889638111217	-0.0015312573921105258	0.0055343636326423071	0.0062346073911208177	0.0025857515496911926	0.0027967209507431482	0.002344512360786118	-0.0080247233536255673	-0.0074498053905337437	-0.004976957645019371	0.0080924791093912544	0.00048910160969304305
0.0093646517437519037	0.0085146741193943588	0.0099113046198879874	-0.0074835195050030785	-0.0083546080341140271	-0.0043779235309099112	-0.008963550844891319	0.0030170153416161725	-0.0099768311837238298	0.0051687889638111217	-0.0015312573921105258	0.0056298911002202936	0.0062346073911208177	0.0025857515496911926	0.0028008603752371162	0.0021268350099207817	-0.0080247233536255673	-0.0074498053905337437	-0.004976957645019371	0.0080924791093912544	0.00048910160969304305
0.0093646517437519037	0.0085146741193943588	0.0099113046198879874	-0.0074835195050030785	-0.0083546080341140271	-0.0043779235309099112	-0.008963550844891319	0.0030170153416161725	-0.0099768311837238298	0.0051687889638111217	-0.0015312573921105258	0.0056298911002202936	0.0062346073911208177	0.0025857515496911926	0.0027775276317738174	0.0019892416344221703	-0.0077649118246294309	-0.0074498053905337437	-0.004976957645019371	0.0080924791093912544	0.00048910160969304305
0.0093646517437519037	0.0086136602420784046	0.0099113046198879874	-0.0074835195050030785	-0.0083546080341140271	-0.0043779235309099112	-0.0089777422188754528	0.0030170153416161725	-0.0099768311837238298	0.0051687889638111217	-0.0015312573921105258	0.005599180069378611	0.0062346073911208177	0.0025857515496911926	0.0028536483286984056	0.0024617259535036854	-0.0078359061696857343	-0.0074498053905337437	-0.004976957645019371	0.0080924791093912544	0.00048910160969304305
0.0093646517437519037	0.0086136602420784046	0.0098810486186536282	-0.0074835195050030785	-0.0083546080341140271	-0.0043779235309099112	-0.0089777422188754528	0.0030170153416161725	-0.0099768311837238298	0.0051687889638111217	-0.0015312573921105258	0.005599180069378611	0.0062346073911208177	0.0025857515496911926	0.0028536483286984056	0.0025921260454077055	-0.0078359061696857343	-0.0074498053905337437	-0.004976957645019371	0.0080924791093912544	0.00048910160969304305
0.0093646517437519037	0.0086336621150977615	0.0098810486186536282	-0.0074835195050030785	-0.0083546080341140271	-0.0043779235309099112	-0.0089823213630331276	0.0030170153416161725	-0.0099768311837238298	0.0051687889638111217	-0.0015338521952775255	0.0055424587091144201	0.0062346073911208177	0.0025857515496911926	0.0028697247001530091	0.0023490286734725221	-0.0078359061696857343	-0.0074498053905337437	-0.004976957645019371	0.0080924791093912544	0.00048910160969304305
0.0093646517437519037	0.00861387043371558	0.0098762958950432723	-0.0074835195050030785	-0.0083546080341140271	-0.0043779235309099112	-0.0089823213630331276	0.0030170153416161725	-0.0099768311837238298	0.0051687889638111217	-0.0015338521952775255	0.0054771975721366762	0.0062346073911208177	0.0025857515496911926	0.0029029338539712807	0.0028859784965364187	-0.0081334474786045035	-0.0074498053905337437	-0.004976957645019371	0.0080924791093912544	0.00048910160969304305
0.0093646517437519037	0.0086312534266754608	0.0098762958950432723	-0.0074835195050030785	-0.0083546080341140271	-0.0043779235309099112	-0.0089823213630331276	0.0030170153416161725	-0.0099768311837238298	0.0051687889638111217	-0.0015338521952775255	0.0054972976903197961	0.0062346073911208177	0.0025857515496911926	0.0029029338539712807	0.0029326921355860673	-0.0081926477853700719	-0.0074498053905337437	-0.004976957645019371	0.0080924791093912544	0.00048910160969304305
0.0093646517437519037	0.0086312534266754608	0.0098762958950432723	-0.0074835195050030785	-0.0083546080341140271	-0.0043779235309099112	-0.0089872536910845652	0.0030170153416161725	-0.0099768311837238298	0.0051687889638111217	-0.0015337475426979632	0.0054729981687743519	0.0062346073911208177	0.0025857515496911926	0.0029029338539712807	0.0029687731325208321	-0.0081075658726652827	-0.0074498053905337437	-0.004976957645019371	0.0080987750610392126	0.00048910160969304305
0.0093646517437519037	0.0085548606315462676	0.0098762958950432723	-0.0074835195050030785	-0.0083546080341140271	-0.0043779235309099112	-0.0089872536910845652	0.0030170153416161725	-0.0099768311837238298	0.0051687889638111217	-0.0015337475426979632	0.0053462151706013469	0.0062346073911208177	0.0025857515496911926	0.0029043999664719999	0.0032483462257445611	-0.0080148361369620641	-0.0074498053905337437	-0.004976957645019371	0.0080987750610392126	0.00048910160969304305
0.0093646517437519037	0.0085548606315462676	0.0098762958950432723	-0.0074835195050030785	-0.0083546080341140271	-0.0043779235309099112	-0.0089872536910845652	0.0030170153416161725	-0.0099768311837238298	0.0051687889638111217	-0.0015337475426979632	0.0053462151706013469	0.0062346073911208177	0.0025857515496911926	0.0029390722724255709	0.0027530165034192582	-0.0080536999861196886	-0.0074498053905337437	-0.004976957645019371	0.0080987750610392126	0.00048910160969304305
0.0093646517437519037	0.0085548606315462676	0.0098762958950432723	-0.0074835195050030785	-0.0083546080341140271	-0.0043779235309099112	-0.0089727685631999198	0.0030170153416161725	-0.0099768311837238298	0.0051687889638111217	-0.0015337475426979632	0.0053462151706013469	0.0062346073911208177	0.0025857515496911926	0.0029390722724255709	0.0024443822991800177	-0.0080436504470170755	-0.0074498053905337437	-0.004976957645019371	0.0080987750610392126	0.00048910160969304305
0.0093646517437519037	0.0085548606315462676	0.0098632345005503635	-0.0074887670641212226	-0.008352634646212876	-0.0043779235309099112	-0.0089727685631999198	0.0030170153416161725	-0.0099768311837238298	0.0051687889638111217	-0.0015337475426979632	0.0053139608084280671	0.0062346073911208177	0.0025857515496911926	0.0029887461443418098	0.0023146413119734706	-0.0080436504470170755	-0.0074498053905337437	-0.004976957645019371	0.0080987750610392126	0.00048910160969304305
0.0093646517437519037	0.0085548606315462676	0.0098632345005503635	-0.0074887670641212226	-0.008352634646212876	-0.0043779235309099112	-0.0089727685631999198	0.0030170153416161725	-0.0099768311837238298	0.0051687889638111217	-0.0015093637295992227	0.0053865218086099152	0.0062346073911208177	0.0025857515496911926	0.0029887461443418098	0.0023146413119734706	-0.0080778208702839208	-0.0074499698126363079	-0.004976957645019371	0.0080987750610392126	0.00048910160969304305
0.0093646517437519037	0.0085548606315462676	0.0098632345005503635	-0.0074887670641212226	-0.008352634646212876	-0.0043779235309099112	-0.0089727685631999198	0.0030170153416161725	-0.0099768311837238298	0.0051687889638111217	-0.0015093637295992227	0.0053815770873416741	0.0062346073911208177	0.0025857515496911926	0.0029852414321126959	0.002793905210144559	-0.0081092408792875891	-0.0074526791001141707	-0.004976957645019371	0.0080987750610392126	0.00048910160969304305
0.0093646517437519037	0.0085548606315462676	0.0098632345005503635	-0.0074887670641212226	-0.008352634646212876	-0.0043779235309099112	-0.0089727685631999198	0.0030170153416161725	-0.0099768311837238298	0.0051687889638111217	-0.0015093637295992227	0.0053126131545281566	0.0062346073911208177	0.0025857515496911926	0.0029852414321126959	0.002793905210144559	-0.0079095455395936168	-0.0074526791001141707	-0.004976957645019371	0.0080987750610392126	0.00048910160969304305
