20014439740.713249
3934951765.065547
4537357780.6439247
4910801456.6556005
4355300852.5597496
4882903895.2618704
4616374918.4584007
4821552071.0825062
4968360374.0350084
4733156058.2643089
4816770532.7345953
4978444258.906805
4996045973.6131868
5194466264.5972185
4429313833.1971645
4427718062.50179
4857893925.027112
5241620215.3773117
4708523815.9288597
4427470455.3413343
5135964360.8580027
4307288904.4029856
4919704159.9838009
4344161422.342762
4778559752.7838068
5374940641.8655605
4482361727.0074072
4425662598.6057177
4211074591.3612194
4790570721.3216038
4293130356.2938542
4786480959.5968008
4674974862.4036064
4597971574.6112299
5080598502.3941402
4752426910.7212715
4605500021.3955421
4339144222.8009987
4984067374.8392277
4002504112.949769
4136522049.3642187
4616457892.0379229
4684531039.9636889
4795555617.2479181
4493391978.8953009
4474792113.3932648
4924562827.0252323
4959232258.2792664
5090355606.0461483
4714917401.2206383
4883503615.9026194
