19750778828.632221
3859231676.1516776
4207362114.1471324
4368947200.439394
4784270866.142066
4989726388.6266823
4082460550.0717144
4147288356.1663313
3953615081.9830446
4774730065.6243935
3983730263.5813465
4060095197.8374848
4210303080.9543462
4681045647.0605125
4531054700.9748335
4794270363.3385153
5084660586.4633408
5074448617.5840845
4683121670.5404949
5071440548.3452301
4236436503.6277103
4857297150.6393204
4727291882.5975075
4736249298.9081106
4746744276.0722952
4564889457.2314777
4811283012.629159
4666151295.4158583
4353234888.6480169
5121219088.6126518
4549292348.0586786
5132881520.0116787
4305617177.0821657
4734954311.1385918
4802092071.9197464
4426235766.6843777
4331351798.7330227
4884286876.8835964
4892307158.6788578
4085004861.2389536
5044575896.1268549
4279842127.8488507
4866319173.2427282
5028213219.6827345
4638658305.2996178
4649806557.4714489
4533222802.3541031
4950825006.8165827
4304736207.8214617
4454682609.6114635
4455659838.8218622
